frame	xlt	ylt	xbr	ybr	cls
32	559.999193	0.210755	599.868408	599.868408	great_white_shark
33	553.108774	-0.312554	597.531625	597.531625	great_white_shark
34	555.327685	-0.062351	593.672277	593.672277	great_white_shark
35	557.657066	0.828679	592.352136	592.352136	great_white_shark
36	557.575480	1.490159	588.030834	588.030834	great_white_shark
37	553.274453	0.168940	589.374379	589.374379	great_white_shark
38	533.762571	-1.310707	585.837132	585.837132	great_white_shark
39	533.364140	-0.342233	588.904771	588.904771	great_white_shark
40	534.380798	-1.557201	588.596684	588.596684	great_white_shark
41	534.653963	-1.872875	587.458605	587.458605	great_white_shark
42	534.610877	-0.965519	587.129657	587.129657	great_white_shark
43	534.380402	-0.428703	586.382068	586.382068	great_white_shark
44	535.857224	-0.443860	584.517532	584.517532	great_white_shark
45	535.213195	-0.973145	585.686276	585.686276	great_white_shark
46	533.684059	-1.554945	587.401522	587.401522	great_white_shark
47	535.081805	-3.001516	590.376804	590.376804	great_white_shark
48	538.110005	-4.840418	601.877318	601.877318	great_white_shark
49	536.559557	-4.333179	607.654686	607.654686	great_white_shark
50	536.213426	-2.431663	608.743004	608.743004	great_white_shark
51	535.274083	-2.274077	613.513101	613.513101	great_white_shark
52	533.933707	-2.331327	614.174673	614.174673	great_white_shark
53	537.707041	-2.307650	614.943481	614.943481	great_white_shark
54	539.696963	-2.617192	615.069507	615.069507	great_white_shark
55	540.168639	-3.022356	607.984907	607.984907	great_white_shark
56	540.592584	-3.503341	607.292689	607.292689	great_white_shark
57	540.808824	-3.205373	605.276475	605.276475	great_white_shark
58	541.811802	-4.636567	603.736669	603.736669	great_white_shark
59	542.942009	-6.506448	602.985538	602.985538	great_white_shark
60	544.069880	-1.319799	603.176871	603.176871	great_white_shark
61	543.978233	-1.599194	602.341159	602.341159	great_white_shark
62	544.756335	-2.117328	600.673728	600.673728	great_white_shark
63	542.933552	-3.509320	602.292747	602.292747	great_white_shark
64	543.777962	-3.603403	601.914459	601.914459	great_white_shark
65	544.024890	-3.765115	602.403239	602.403239	great_white_shark
66	544.315100	-4.821341	602.661687	602.661687	great_white_shark
67	545.552216	-4.936242	603.473757	603.473757	great_white_shark
68	545.015494	2.164630	602.328069	602.328069	great_white_shark
69	544.956084	4.602109	603.851571	603.851571	great_white_shark
70	546.919526	6.221649	604.458929	604.458929	great_white_shark
71	546.198962	8.092573	603.334447	603.334447	great_white_shark
72	546.556517	10.174872	602.126345	602.126345	great_white_shark
73	546.664840	14.358464	604.166272	604.166272	great_white_shark
74	547.995691	16.823951	605.400869	605.400869	great_white_shark
75	548.543323	20.617139	607.378308	607.378308	great_white_shark
76	549.144223	22.595979	606.775624	606.775624	great_white_shark
77	549.476327	30.267162	606.064163	606.064163	great_white_shark
78	549.906469	33.618626	607.330985	607.330985	great_white_shark
79	549.382078	35.857467	608.038013	608.038013	great_white_shark
80	550.636341	38.057585	606.385331	606.385331	great_white_shark
81	550.576404	43.385749	606.068259	606.068259	great_white_shark
82	550.900967	46.632176	608.298815	608.298815	great_white_shark
83	552.141483	48.067747	607.727996	607.727996	great_white_shark
84	552.671931	50.008135	607.603196	607.603196	great_white_shark
85	553.518140	52.109514	607.461803	607.461803	great_white_shark
86	554.511596	61.540260	607.298895	607.298895	great_white_shark
87	554.940869	63.862977	607.760922	607.760922	great_white_shark
88	554.683498	67.737183	608.191071	608.191071	great_white_shark
89	554.501155	70.359007	606.869789	606.869789	great_white_shark
90	554.547644	74.144028	607.659669	607.659669	great_white_shark
91	554.719452	76.275957	608.668186	608.668186	great_white_shark
92	555.458116	78.978191	609.203937	609.203937	great_white_shark
93	555.697834	80.667002	609.574007	609.574007	great_white_shark
94	556.405593	88.647335	608.823242	608.823242	great_white_shark
95	556.285271	92.962341	610.101072	610.101072	great_white_shark
96	556.433836	97.445489	610.335996	610.335996	great_white_shark
97	556.553987	99.187066	609.364357	609.364357	great_white_shark
98	555.720981	102.220171	611.088853	611.088853	great_white_shark
99	555.711784	104.376621	612.785624	612.785624	great_white_shark
100	556.569460	108.461032	613.736185	613.736185	great_white_shark
101	556.133828	109.654607	612.407338	612.407338	great_white_shark
102	556.905432	115.746803	612.790237	612.790237	great_white_shark
103	555.964024	120.386876	615.668713	615.668713	great_white_shark
104	557.241322	124.599466	615.574182	615.574182	great_white_shark
105	556.652368	124.439141	615.392403	615.392403	great_white_shark
106	556.932866	129.036939	616.612244	616.612244	great_white_shark
107	557.986312	130.949293	617.368818	617.368818	great_white_shark
108	558.573057	134.331749	617.017951	617.017951	great_white_shark
109	558.851679	134.922805	617.220755	617.220755	great_white_shark
110	559.334406	142.152509	617.240677	617.240677	great_white_shark
111	560.694011	144.694893	616.191788	616.191788	great_white_shark
112	561.152323	148.922972	615.501260	615.501260	great_white_shark
113	559.276730	152.981027	618.118665	618.118665	great_white_shark
114	558.266610	155.245683	619.197332	619.197332	great_white_shark
115	559.632369	157.999766	617.886975	617.886975	great_white_shark
116	564.684055	160.872413	622.863458	622.863458	great_white_shark
117	564.848307	160.678984	622.616105	622.616105	great_white_shark
118	564.369877	167.494634	622.793303	622.793303	great_white_shark
119	564.462612	169.840017	622.950155	622.950155	great_white_shark
120	565.684835	175.717247	623.935339	623.935339	great_white_shark
121	564.183250	180.431134	625.100667	625.100667	great_white_shark
122	565.196780	181.282000	625.065578	625.065578	great_white_shark
123	566.188639	182.692291	625.594339	625.594339	great_white_shark
124	567.307352	186.927071	625.693794	625.693794	great_white_shark
125	567.633523	192.697251	625.707353	625.707353	great_white_shark
126	568.176498	195.051098	625.770316	625.770316	great_white_shark
127	568.576252	200.020853	626.581594	626.581594	great_white_shark
128	568.788126	202.638518	626.942887	626.942887	great_white_shark
129	569.374504	206.804092	627.798254	627.798254	great_white_shark
130	569.461186	210.456531	630.009499	630.009499	great_white_shark
131	570.443866	214.156963	630.381892	630.381892	great_white_shark
132	570.964012	216.139764	630.504963	630.504963	great_white_shark
133	571.778195	221.232185	631.519863	631.519863	great_white_shark
134	571.771877	225.035408	634.383659	634.383659	great_white_shark
135	572.420417	230.533465	634.665014	634.665014	great_white_shark
136	574.003375	232.065463	633.376151	633.376151	great_white_shark
137	573.563203	236.905912	633.320248	633.320248	great_white_shark
138	574.173995	240.888158	635.299976	635.299976	great_white_shark
139	576.641579	244.825351	635.590993	635.590993	great_white_shark
140	576.623931	249.752593	635.522440	635.522440	great_white_shark
141	576.990107	254.743615	636.340065	636.340065	great_white_shark
142	577.714882	258.950527	638.091721	638.091721	great_white_shark
143	578.744545	261.407212	637.894014	637.894014	great_white_shark
144	578.536060	266.910016	638.819052	638.819052	great_white_shark
145	577.767938	271.683199	641.118780	641.118780	great_white_shark
146	578.679223	274.126099	641.476370	641.476370	great_white_shark
147	579.910135	272.822562	641.446912	641.446912	great_white_shark
148	580.318084	279.352977	643.190686	643.190686	great_white_shark
149	581.243357	283.096502	643.126667	643.126667	great_white_shark
150	584.442605	285.726896	641.019384	641.019384	great_white_shark
151	583.842926	287.505109	641.661694	641.661694	great_white_shark
152	586.653762	293.688280	647.923217	647.923217	great_white_shark
153	586.628832	294.171566	648.327880	648.327880	great_white_shark
154	588.068035	296.956844	647.696595	647.696595	great_white_shark
155	589.328097	298.538539	647.289992	647.289992	great_white_shark
156	590.890163	305.953881	646.435653	646.435653	great_white_shark
157	591.580825	308.401621	647.250398	647.250398	great_white_shark
158	593.912444	308.715695	647.143839	647.143839	great_white_shark
159	593.972127	311.989066	647.820898	647.820898	great_white_shark
160	594.795036	317.200785	648.521990	648.521990	great_white_shark
161	594.910396	323.822536	649.501507	649.501507	great_white_shark
162	595.497671	326.060374	649.755484	649.755484	great_white_shark
163	595.905985	329.239153	650.608251	650.608251	great_white_shark
164	597.568048	335.970378	650.082568	650.082568	great_white_shark
165	597.445787	340.445610	652.413550	652.413550	great_white_shark
166	598.102804	342.617041	653.013294	653.013294	great_white_shark
167	598.248582	345.766710	653.205745	653.205745	great_white_shark
168	599.357162	350.088847	654.379786	654.379786	great_white_shark
169	599.221432	354.809244	656.566673	656.566673	great_white_shark
170	599.895835	357.390800	658.626644	658.626644	great_white_shark
171	599.707612	360.530856	658.777213	658.777213	great_white_shark
172	601.136589	368.128642	659.049709	659.049709	great_white_shark
173	601.219691	371.544584	662.136492	662.136492	great_white_shark
174	601.801338	374.044542	662.710850	662.710850	great_white_shark
175	600.574229	373.305506	662.142962	662.142962	great_white_shark
176	602.745898	379.838397	663.446353	663.446353	great_white_shark
177	604.363773	383.592460	664.867090	664.867090	great_white_shark
178	604.582798	384.140224	666.251411	666.251411	great_white_shark
179	605.409772	385.330577	665.772902	665.772902	great_white_shark
180	606.155751	390.870196	667.630213	667.630213	great_white_shark
181	608.052254	395.989534	666.533177	666.533177	great_white_shark
182	607.471566	398.484077	667.132551	667.132551	great_white_shark
183	605.319079	400.930774	670.684902	670.684902	great_white_shark
184	611.169654	402.257617	674.827473	674.827473	great_white_shark
185	612.844485	404.192353	674.965292	674.965292	great_white_shark
186	612.911477	407.452559	675.640488	675.640488	great_white_shark
187	614.620702	413.240657	675.313193	675.313193	great_white_shark
188	616.179830	415.994740	675.531314	675.531314	great_white_shark
189	616.781654	419.605557	676.169067	676.169067	great_white_shark
190	617.186599	422.137860	676.253812	676.253812	great_white_shark
191	617.143631	426.063656	676.999154	676.999154	great_white_shark
192	619.076066	428.458551	677.488312	677.488312	great_white_shark
193	620.461244	433.781908	679.263628	679.263628	great_white_shark
194	621.355300	436.982588	679.899864	679.899864	great_white_shark
195	622.242388	441.272683	680.431234	680.431234	great_white_shark
196	622.667201	444.741471	681.606293	681.606293	great_white_shark
197	623.392393	449.157961	681.932596	681.932596	great_white_shark
198	624.279054	451.367151	683.407995	683.407995	great_white_shark
199	624.846934	456.300270	684.317824	684.317824	great_white_shark
200	624.665231	458.864092	686.310393	686.310393	great_white_shark
201	626.426603	466.638649	687.841163	687.841163	great_white_shark
202	628.787939	469.760852	687.631457	687.631457	great_white_shark
203	628.495202	472.265458	688.226553	688.226553	great_white_shark
204	628.181240	479.395439	691.248879	691.248879	great_white_shark
205	628.929267	479.856977	690.848377	690.848377	great_white_shark
206	630.768380	483.661396	690.966897	690.966897	great_white_shark
207	629.847858	489.832570	693.400902	693.400902	great_white_shark
208	630.494100	490.899611	692.975702	692.975702	great_white_shark
209	631.831630	491.186371	691.618265	691.618265	great_white_shark
210	636.320540	496.516193	699.387186	699.387186	great_white_shark
211	636.535574	498.852312	698.974680	698.974680	great_white_shark
212	637.502306	500.572524	699.192969	699.192969	great_white_shark
213	638.067524	502.943485	701.144089	701.144089	great_white_shark
214	639.490802	502.540972	700.187965	700.187965	great_white_shark
215	638.557543	510.857121	701.148925	701.148925	great_white_shark
216	641.250067	514.810594	700.707001	700.707001	great_white_shark
217	641.491599	516.669496	701.995668	701.995668	great_white_shark
218	642.711273	517.599438	702.637567	702.637567	great_white_shark
219	644.415767	527.599598	702.033489	702.033489	great_white_shark
220	645.990369	529.879169	702.922924	702.922924	great_white_shark
221	647.034762	534.205649	703.765080	703.765080	great_white_shark
222	647.486044	536.238813	704.372148	704.372148	great_white_shark
223	647.354446	537.065376	705.993286	705.993286	great_white_shark
224	646.558811	543.352633	706.368247	706.368247	great_white_shark
225	646.584405	549.579061	708.371837	708.371837	great_white_shark
226	647.751057	550.577721	709.183006	709.183006	great_white_shark
227	647.313778	553.681392	709.551926	709.551926	great_white_shark
228	648.136027	559.741824	712.000504	712.000504	great_white_shark
229	648.594563	561.500620	713.608994	713.608994	great_white_shark
230	648.024136	563.888364	715.104338	715.104338	great_white_shark
231	646.391467	567.482287	715.764295	715.764295	great_white_shark
232	647.205059	570.264832	717.663105	717.663105	great_white_shark
233	647.239823	573.157722	718.712325	718.712325	great_white_shark
234	647.660217	577.483001	719.786823	719.786823	great_white_shark
235	648.533378	579.370728	719.869754	719.869754	great_white_shark
236	648.770746	586.593645	720.953375	720.953375	great_white_shark
237	648.214739	587.138406	723.022490	723.022490	great_white_shark
238	647.747151	593.232715	723.423221	723.423221	great_white_shark
239	645.992540	594.987351	725.320749	725.320749	great_white_shark
240	644.868610	601.125295	744.664518	744.664518	great_white_shark
241	652.389427	592.170910	732.093746	732.093746	great_white_shark
242	651.898601	594.366267	732.238643	732.238643	great_white_shark
243	647.217733	613.402415	742.409295	742.409295	great_white_shark
244	647.577641	614.449222	743.185017	743.185017	great_white_shark
245	647.888879	615.072389	743.953350	743.953350	great_white_shark
246	647.452847	617.326917	745.662669	745.662669	great_white_shark
247	658.526696	625.679841	730.879009	730.879009	great_white_shark
248	648.043759	620.666649	746.710129	746.710129	great_white_shark
249	644.983356	625.596595	751.704407	751.704407	great_white_shark
250	638.957396	631.684856	757.104897	757.104897	great_white_shark
251	637.774083	635.119810	757.557385	757.557385	great_white_shark
252	637.710935	637.941656	760.212837	760.212837	great_white_shark
253	636.300248	641.480482	765.403571	765.403571	great_white_shark
254	636.408738	644.844797	767.734046	767.734046	great_white_shark
255	636.184399	646.363634	772.195728	772.195728	great_white_shark
256	639.045440	649.564571	774.458917	774.458917	great_white_shark
258	657.462302	667.222858	748.449375	748.449375	great_white_shark
259	663.690015	670.283069	746.581262	746.581262	great_white_shark
260	665.404332	672.395390	745.278793	745.278793	great_white_shark
261	667.599634	674.787358	743.072786	743.072786	great_white_shark
262	664.588661	678.041526	743.929687	743.929687	great_white_shark
263	668.164042	682.157051	738.347189	738.347189	great_white_shark
264	668.274372	685.024138	738.292448	738.292448	great_white_shark
265	667.464517	686.753725	737.592104	737.592104	great_white_shark
266	672.422136	697.483566	730.801459	730.801459	great_white_shark
267	673.612275	699.504595	730.410599	730.410599	great_white_shark
268	674.274245	702.281507	732.350793	732.350793	great_white_shark
471	672.509378	700.268329	733.613669	733.613669	great_white_shark
472	667.579140	685.258563	740.628116	740.628116	great_white_shark
473	662.586192	675.113955	745.021981	745.021981	great_white_shark
474	654.374352	666.295890	751.072989	751.072989	great_white_shark
475	659.381925	652.151491	740.305293	740.305293	great_white_shark
476	640.820776	637.777640	762.684520	762.684520	great_white_shark
477	658.666499	626.437683	734.861521	734.861521	great_white_shark
478	650.905967	613.576265	743.104700	743.104700	great_white_shark
479	656.269191	593.647376	732.574522	732.574522	great_white_shark
480	656.335156	586.522735	729.718029	729.718029	great_white_shark
481	657.978002	564.311681	726.873354	726.873354	great_white_shark
482	654.054360	560.741567	719.953396	719.953396	great_white_shark
483	655.768553	551.435665	717.573920	717.573920	great_white_shark
484	655.220974	541.811443	716.808586	716.808586	great_white_shark
485	653.315708	530.539491	715.723129	715.723129	great_white_shark
486	653.227152	516.462472	712.671004	712.671004	great_white_shark
487	651.311411	506.595086	711.613112	711.613112	great_white_shark
488	650.249977	490.202500	708.094186	708.094186	great_white_shark
489	649.039392	479.736498	706.695659	706.695659	great_white_shark
490	646.908279	465.247082	705.015268	705.015268	great_white_shark
491	645.380783	450.200250	702.715108	702.715108	great_white_shark
492	642.886787	434.454346	700.477001	700.477001	great_white_shark
493	640.862961	421.928651	698.458047	698.458047	great_white_shark
494	639.323519	411.878544	697.053152	697.053152	great_white_shark
495	636.709454	398.048467	697.044396	697.044396	great_white_shark
496	631.381346	384.627340	693.184835	693.184835	great_white_shark
497	631.982745	373.646360	690.919524	690.919524	great_white_shark
498	630.748922	360.039905	689.369017	689.369017	great_white_shark
499	630.556068	346.218754	686.430673	686.430673	great_white_shark
500	626.733498	328.760845	686.976876	686.976876	great_white_shark
501	626.435118	317.035237	684.264157	684.264157	great_white_shark
502	624.588162	302.737508	682.929960	682.929960	great_white_shark
503	623.167874	291.662286	680.313102	680.313102	great_white_shark
504	620.135797	275.267991	679.766265	679.766265	great_white_shark
505	619.472019	261.448741	677.292554	677.292554	great_white_shark
506	615.943923	245.973534	675.369271	675.369271	great_white_shark
507	615.684550	233.196996	673.017842	673.017842	great_white_shark
508	614.620100	218.247680	672.061747	672.061747	great_white_shark
509	612.035115	210.080296	671.617793	671.617793	great_white_shark
510	608.393572	195.712496	667.984789	667.984789	great_white_shark
511	606.246804	185.990652	668.027816	668.027816	great_white_shark
512	605.776264	176.998620	666.467576	666.467576	great_white_shark
513	604.157823	166.016860	665.398404	665.398404	great_white_shark
514	602.510056	155.433468	665.068351	665.068351	great_white_shark
515	601.684958	139.838586	662.236504	662.236504	great_white_shark
516	600.710476	129.424214	659.250274	659.250274	great_white_shark
517	600.613019	119.693503	658.654184	658.654184	great_white_shark
518	598.457794	107.533850	657.535013	657.535013	great_white_shark
519	597.569554	98.761966	656.503369	656.503369	great_white_shark
520	596.277081	84.034001	655.057711	655.057711	great_white_shark
521	595.019822	73.306671	651.373846	651.373846	great_white_shark
522	593.994918	68.003509	650.551262	650.551262	great_white_shark
523	592.546087	55.455525	650.070255	650.070255	great_white_shark
524	591.391783	45.152112	647.440379	647.440379	great_white_shark
525	589.187323	36.994275	646.690551	646.690551	great_white_shark
526	583.760628	25.467939	642.919341	642.919341	great_white_shark
527	584.819436	17.623945	640.734951	640.734951	great_white_shark
528	583.047840	7.312920	641.613180	641.613180	great_white_shark
529	581.596131	2.573831	639.761854	639.761854	great_white_shark
530	580.454372	-1.611451	636.279121	636.279121	great_white_shark
531	579.817954	-0.408448	634.582869	634.582869	great_white_shark
532	577.883967	-0.965371	634.503165	634.503165	great_white_shark
533	575.622218	-5.108986	633.207221	633.207221	great_white_shark
534	571.735485	-2.743528	634.493575	634.493575	great_white_shark
535	571.136011	-3.917082	639.330204	639.330204	great_white_shark
536	567.837219	0.132886	631.022456	631.022456	great_white_shark
537	567.621551	-0.929005	631.296249	631.296249	great_white_shark
538	570.314372	-0.813711	631.591521	631.591521	great_white_shark
539	573.059819	-0.967058	630.791781	630.791781	great_white_shark
540	574.266563	-0.332701	630.089657	630.089657	great_white_shark
541	575.605812	-0.619848	631.537930	631.537930	great_white_shark
542	574.148862	-1.205809	627.370726	627.370726	great_white_shark
543	572.203927	-0.243365	624.480831	624.480831	great_white_shark
544	575.251920	-1.264865	619.555491	619.555491	great_white_shark
545	568.157862	-0.347400	603.722772	603.722772	great_white_shark
546	568.645413	-0.195858	602.776706	602.776706	great_white_shark
547	579.259713	0.122341	615.735968	615.735968	great_white_shark
633	581.134494	1.090727	615.763230	615.763230	great_white_shark
634	578.897453	-0.252359	616.030807	616.030807	great_white_shark
635	580.333716	-0.453023	613.466991	613.466991	great_white_shark
636	567.194815	-0.002792	604.226083	604.226083	great_white_shark
637	561.490097	-0.610090	603.446145	603.446145	great_white_shark
638	557.318491	-1.006983	603.390644	603.390644	great_white_shark
639	556.916994	-1.610035	603.537765	603.537765	great_white_shark
640	555.112099	-1.923147	605.471585	605.471585	great_white_shark
641	554.596352	-1.884025	601.037287	601.037287	great_white_shark
642	550.540968	-1.918162	601.386522	601.386522	great_white_shark
643	552.505314	-1.052842	602.726526	602.726526	great_white_shark
644	551.810972	-0.577226	605.943216	605.943216	great_white_shark
645	551.749297	-0.208088	607.084744	607.084744	great_white_shark
646	551.681692	-0.292275	609.762964	609.762964	great_white_shark
647	552.040646	-1.257677	610.808194	610.808194	great_white_shark
648	551.819863	-0.303666	615.709058	615.709058	great_white_shark
649	552.412984	-1.014588	614.089326	614.089326	great_white_shark
650	552.502039	-1.606784	612.742101	612.742101	great_white_shark
651	550.110242	-1.779719	610.761528	610.761528	great_white_shark
652	548.784614	-0.398086	609.387524	609.387524	great_white_shark
653	546.114520	-0.357175	607.496978	607.496978	great_white_shark
654	549.016715	-2.614568	613.370323	613.370323	great_white_shark
655	550.046029	-4.384515	617.439511	617.439511	great_white_shark
656	552.313810	-1.877229	616.004812	616.004812	great_white_shark
657	551.633204	-2.132222	613.269985	613.269985	great_white_shark
658	551.435142	-3.101994	611.364118	611.364118	great_white_shark
659	551.936508	-3.966794	609.748908	609.748908	great_white_shark
660	555.562140	-5.082897	609.392413	609.392413	great_white_shark
661	557.371412	0.807951	611.024114	611.024114	great_white_shark
662	557.651998	0.490196	610.881280	610.881280	great_white_shark
663	557.413709	-0.641898	611.256852	611.256852	great_white_shark
664	557.305210	-1.907221	611.034071	611.034071	great_white_shark
665	557.067161	-3.934221	610.764682	610.764682	great_white_shark
666	556.280462	-3.300936	611.213247	611.213247	great_white_shark
667	555.710725	-2.643255	613.212709	613.212709	great_white_shark
668	555.037713	-1.558949	613.993800	613.993800	great_white_shark
669	554.619105	-1.303464	614.492035	614.492035	great_white_shark
670	554.322968	-1.044031	614.567226	614.567226	great_white_shark
671	554.903523	-1.652597	612.567461	612.567461	great_white_shark
672	557.206697	4.182536	612.193093	612.193093	great_white_shark
673	555.767153	8.829416	613.998284	613.998284	great_white_shark
674	554.711964	12.676618	615.457244	615.457244	great_white_shark
675	557.126638	13.250113	614.077069	614.077069	great_white_shark
676	557.585614	16.707888	613.347661	613.347661	great_white_shark
677	557.572048	18.081951	614.473381	614.473381	great_white_shark
678	557.697073	21.168126	615.743901	615.743901	great_white_shark
679	557.839182	22.858541	615.635972	615.635972	great_white_shark
680	558.291086	25.342745	614.770531	614.770531	great_white_shark
681	558.246891	25.628535	615.090981	615.090981	great_white_shark
682	560.113470	31.956026	614.744929	614.744929	great_white_shark
683	559.634411	38.088372	615.240326	615.240326	great_white_shark
684	560.150085	40.516647	614.173646	614.173646	great_white_shark
685	559.872574	40.785773	614.713513	614.713513	great_white_shark
686	560.164724	44.871710	615.618591	615.618591	great_white_shark
687	560.232691	49.619923	615.839932	615.839932	great_white_shark
688	560.226241	53.206662	615.780557	615.780557	great_white_shark
689	560.245121	53.330449	615.843559	615.843559	great_white_shark
690	560.351891	53.447516	615.808246	615.808246	great_white_shark
691	560.732434	58.981172	616.871608	616.871608	great_white_shark
692	561.231279	64.083899	616.048619	616.048619	great_white_shark
693	561.102996	68.134705	615.769281	615.769281	great_white_shark
694	560.905462	70.669252	616.799428	616.799428	great_white_shark
695	558.437538	72.769232	619.307448	619.307448	great_white_shark
696	563.761890	75.324339	621.736063	621.736063	great_white_shark
697	563.671391	78.650529	623.223234	623.223234	great_white_shark
698	564.034849	79.632458	622.841653	622.841653	great_white_shark
699	565.362449	81.256712	622.150979	622.150979	great_white_shark
700	565.484569	89.760050	622.688038	622.688038	great_white_shark
701	565.596736	91.516034	622.571928	622.571928	great_white_shark
702	566.606865	96.244658	622.667286	622.667286	great_white_shark
703	567.241751	97.681853	621.677363	621.677363	great_white_shark
704	565.273003	101.864000	622.968245	622.968245	great_white_shark
705	565.895838	106.347465	622.843082	622.843082	great_white_shark
706	566.389615	106.196812	622.716736	622.716736	great_white_shark
707	567.478960	109.094621	622.800956	622.800956	great_white_shark
708	567.759232	110.211133	622.911591	622.911591	great_white_shark
709	568.017517	115.590783	622.227375	622.227375	great_white_shark
710	568.557334	117.733275	622.894833	622.894833	great_white_shark
711	569.429544	121.931274	623.590475	623.590475	great_white_shark
712	569.086204	122.623063	623.832309	623.832309	great_white_shark
713	568.849071	123.953788	624.811161	624.811161	great_white_shark
714	568.640008	130.274717	625.249622	625.249622	great_white_shark
715	568.979844	134.625105	626.508249	626.508249	great_white_shark
716	569.853909	137.030754	626.941370	626.941370	great_white_shark
717	570.222588	139.443204	626.497571	626.497571	great_white_shark
718	570.613192	145.593461	625.770428	625.770428	great_white_shark
719	571.723668	148.927297	626.693643	626.693643	great_white_shark
720	571.975338	150.652692	628.481768	628.481768	great_white_shark
721	572.310668	153.352351	627.726798	627.726798	great_white_shark
722	571.842563	155.199097	628.162038	628.162038	great_white_shark
723	572.153414	158.757710	628.348483	628.348483	great_white_shark
724	571.898807	163.096141	629.817878	629.817878	great_white_shark
725	573.583395	166.626681	628.749463	628.749463	great_white_shark
726	574.701796	169.200763	629.048391	629.048391	great_white_shark
727	574.842280	170.854621	629.003968	629.003968	great_white_shark
728	574.114321	175.585820	631.537628	631.537628	great_white_shark
729	574.657170	177.769769	629.965257	629.965257	great_white_shark
730	575.110327	181.093199	629.872489	629.872489	great_white_shark
731	575.364638	185.082537	630.897851	630.897851	great_white_shark
732	574.900947	189.073565	631.972363	631.972363	great_white_shark
733	575.482084	190.722082	632.830904	632.830904	great_white_shark
734	576.083133	192.678315	632.031725	632.031725	great_white_shark
735	577.936302	196.697258	631.690351	631.690351	great_white_shark
736	577.552531	199.379546	632.943919	632.943919	great_white_shark
737	576.820420	203.917210	634.633625	634.633625	great_white_shark
738	577.119232	205.301514	633.928789	633.928789	great_white_shark
739	577.367108	207.203390	633.188782	633.188782	great_white_shark
740	577.494970	210.339868	633.486475	633.486475	great_white_shark
741	576.321364	215.781461	634.997371	634.997371	great_white_shark
742	575.767901	218.623836	635.558158	635.558158	great_white_shark
743	577.514907	221.855263	635.018710	635.018710	great_white_shark
744	577.391202	224.007692	635.633607	635.633607	great_white_shark
745	579.301582	227.165350	634.803643	634.803643	great_white_shark
746	579.074839	231.896852	635.884596	635.884596	great_white_shark
747	579.021430	236.003441	636.690333	636.690333	great_white_shark
748	579.871550	237.377492	635.856834	635.856834	great_white_shark
749	581.698066	239.954327	634.359345	634.359345	great_white_shark
750	581.840926	244.657281	636.009979	636.009979	great_white_shark
751	581.764394	246.108731	636.157312	636.157312	great_white_shark
752	582.140477	247.942266	636.545859	636.545859	great_white_shark
753	582.961256	254.098828	635.521035	635.521035	great_white_shark
754	582.212659	256.354188	636.597249	636.597249	great_white_shark
755	581.699465	261.815965	636.532393	636.532393	great_white_shark
756	581.846158	265.154145	636.803275	636.803275	great_white_shark
757	582.455497	267.764916	635.119717	635.119717	great_white_shark
758	581.182412	271.111560	637.101561	637.101561	great_white_shark
759	579.997066	275.475027	638.212914	638.212914	great_white_shark
760	580.740946	277.083217	638.374701	638.374701	great_white_shark
761	579.901581	278.261890	637.922845	637.922845	great_white_shark
762	580.283819	283.000656	636.732688	636.732688	great_white_shark
763	578.999913	287.459197	638.195475	638.195475	great_white_shark
764	578.813321	291.290916	639.061247	639.061247	great_white_shark
765	579.430618	293.705518	638.088162	638.088162	great_white_shark
766	580.174273	296.165723	636.350010	636.350010	great_white_shark
767	579.182246	299.274167	637.459693	637.459693	great_white_shark
768	577.915911	302.804007	639.120128	639.120128	great_white_shark
769	578.200625	304.998156	639.391491	639.391491	great_white_shark
770	578.724738	305.732220	638.909258	638.909258	great_white_shark
771	579.838662	310.129003	637.900596	637.900596	great_white_shark
772	579.371297	314.000462	639.525563	639.525563	great_white_shark
773	579.629467	317.444148	639.872486	639.872486	great_white_shark
774	580.433423	317.918171	638.756687	638.756687	great_white_shark
775	580.702576	321.806730	638.861445	638.861445	great_white_shark
776	580.009296	324.964996	640.215407	640.215407	great_white_shark
777	579.919205	328.236241	640.641755	640.641755	great_white_shark
778	579.464340	328.922728	640.419317	640.419317	great_white_shark
779	580.008469	334.505024	641.154580	641.154580	great_white_shark
780	581.323750	336.986125	641.718712	641.718712	great_white_shark
781	581.599937	339.582596	640.843817	640.843817	great_white_shark
782	581.670221	340.448951	640.219427	640.219427	great_white_shark
783	582.670452	344.897655	640.627042	640.627042	great_white_shark
784	581.182938	349.053979	641.258656	641.258656	great_white_shark
785	581.259507	352.059493	640.675589	640.675589	great_white_shark
786	580.468897	352.039692	641.037263	641.037263	great_white_shark
787	580.402958	360.816719	642.413673	642.413673	great_white_shark
788	580.243601	365.451860	642.754446	642.754446	great_white_shark
789	581.039220	368.760388	641.872720	641.872720	great_white_shark
790	581.556467	371.602678	641.437918	641.437918	great_white_shark
791	581.584957	374.827377	642.393127	642.393127	great_white_shark
792	580.796573	378.068786	643.276443	643.276443	great_white_shark
793	579.537870	382.456477	643.321111	643.321111	great_white_shark
794	578.860717	384.053714	642.849863	642.849863	great_white_shark
795	579.565650	388.017520	642.170753	642.170753	great_white_shark
796	579.801888	390.719318	642.600737	642.600737	great_white_shark
797	580.786092	394.956760	642.752257	642.752257	great_white_shark
798	581.316094	398.814195	641.688526	641.688526	great_white_shark
799	582.118812	401.878153	640.612277	640.612277	great_white_shark
800	582.483867	401.645433	639.938008	639.938008	great_white_shark
801	583.870946	404.731211	639.943751	639.943751	great_white_shark
802	583.204352	408.831436	641.448781	641.448781	great_white_shark
803	583.098514	413.278680	640.416547	640.416547	great_white_shark
804	583.005568	412.544240	640.542735	640.542735	great_white_shark
805	583.294813	418.829324	641.619550	641.619550	great_white_shark
806	584.110072	421.748750	641.131627	641.131627	great_white_shark
807	584.242545	424.022398	640.464862	640.464862	great_white_shark
808	583.819084	426.642102	640.464645	640.464645	great_white_shark
809	583.762377	431.570930	642.006008	642.006008	great_white_shark
810	583.468153	435.972440	641.753734	641.753734	great_white_shark
811	584.270407	437.756556	640.710719	640.710719	great_white_shark
812	583.460036	438.960444	641.094595	641.094595	great_white_shark
813	583.711304	446.588408	642.013793	642.013793	great_white_shark
814	583.577171	451.156159	641.769321	641.769321	great_white_shark
815	584.730095	453.569652	640.464935	640.464935	great_white_shark
816	584.220126	455.316822	640.832646	640.832646	great_white_shark
817	583.328957	460.819975	642.546287	642.546287	great_white_shark
818	582.931117	465.748195	642.327015	642.327015	great_white_shark
819	582.861525	468.557750	641.364831	641.364831	great_white_shark
820	582.438806	474.641410	643.207509	643.207509	great_white_shark
821	581.962054	476.906125	643.341995	643.341995	great_white_shark
822	582.416347	482.109960	642.445620	642.445620	great_white_shark
823	583.147739	484.541491	640.672405	640.672405	great_white_shark
824	582.715566	483.999893	640.429153	640.429153	great_white_shark
825	582.600752	489.719254	640.652422	640.652422	great_white_shark
826	582.372337	492.388608	641.288646	641.288646	great_white_shark
827	582.214611	494.939430	640.658079	640.658079	great_white_shark
828	582.855037	496.558256	639.455848	639.455848	great_white_shark
829	583.425663	501.449113	638.840995	638.840995	great_white_shark
830	582.028706	504.190314	640.722665	640.722665	great_white_shark
831	582.161672	507.868740	640.783979	640.783979	great_white_shark
832	582.548576	508.301961	639.957809	639.957809	great_white_shark
833	583.307615	513.154016	640.079648	640.079648	great_white_shark
834	583.202080	514.687421	640.362748	640.362748	great_white_shark
835	582.058777	520.032798	640.643108	640.643108	great_white_shark
836	581.655045	520.939328	640.555367	640.555367	great_white_shark
837	582.872898	526.659653	639.672643	639.672643	great_white_shark
838	582.617507	529.538599	641.511192	641.511192	great_white_shark
839	582.935072	533.009434	640.744691	640.744691	great_white_shark
840	581.518487	536.376664	641.156731	641.156731	great_white_shark
841	582.730461	540.392108	640.780000	640.780000	great_white_shark
842	581.708629	542.483650	642.165882	642.165882	great_white_shark
843	581.179680	545.763055	642.236410	642.236410	great_white_shark
844	579.940218	546.619428	642.804298	642.804298	great_white_shark
845	580.446534	552.526765	642.909461	642.909461	great_white_shark
846	578.921744	553.730302	644.330679	644.330679	great_white_shark
847	578.869535	556.531301	644.126822	644.126822	great_white_shark
848	578.698860	557.321603	643.514651	643.514651	great_white_shark
849	577.524933	558.589976	643.817652	643.817652	great_white_shark
850	578.343198	566.124465	643.798479	643.798479	great_white_shark
851	577.139103	567.491748	645.228779	645.228779	great_white_shark
852	576.694955	573.080857	644.395227	644.395227	great_white_shark
853	574.757174	574.500556	645.169302	645.169302	great_white_shark
854	574.541535	574.891396	644.627072	644.627072	great_white_shark
855	574.783871	575.719728	644.426240	644.426240	great_white_shark
856	574.203614	588.325147	645.044620	645.044620	great_white_shark
857	571.337624	590.119919	646.744370	646.744370	great_white_shark
858	570.777512	593.540900	647.184102	647.184102	great_white_shark
859	571.838936	594.700558	646.712183	646.712183	great_white_shark
860	572.057366	594.497542	648.089588	648.089588	great_white_shark
861	571.793360	594.703938	649.191560	649.191560	great_white_shark
862	569.496973	610.196893	655.876280	655.876280	great_white_shark
863	568.922113	611.014265	656.019481	656.019481	great_white_shark
864	567.951845	613.659735	656.822513	656.822513	great_white_shark
865	569.057550	613.660758	658.028162	658.028162	great_white_shark
866	569.478091	615.041500	658.114683	658.114683	great_white_shark
867	568.540761	616.611921	658.688149	658.688149	great_white_shark
868	566.619222	618.173409	660.214650	660.214650	great_white_shark
869	566.059371	620.451937	660.768397	660.768397	great_white_shark
870	560.983834	625.788173	663.551736	663.551736	great_white_shark
871	557.995588	630.128855	665.009877	665.009877	great_white_shark
872	550.453767	636.970630	668.304308	668.304308	great_white_shark
873	546.453922	640.090705	671.137631	671.137631	great_white_shark
874	545.454143	644.387231	671.194558	671.194558	great_white_shark
875	546.681560	646.155402	671.614902	671.614902	great_white_shark
876	547.154083	649.357953	675.616819	675.616819	great_white_shark
877	544.927814	653.910218	681.783048	681.783048	great_white_shark
878	581.139802	656.469415	666.702182	666.702182	great_white_shark
879	575.540337	667.296078	673.116138	673.116138	great_white_shark
880	575.355586	670.002365	672.674294	672.674294	great_white_shark
881	576.103856	671.804276	672.110631	672.110631	great_white_shark
882	575.382825	673.906099	672.960962	672.960962	great_white_shark
883	576.600847	678.068371	672.101452	672.101452	great_white_shark
884	579.806166	680.717509	667.441242	667.441242	great_white_shark
885	578.058657	682.412046	670.220246	670.220246	great_white_shark
